vorinostat <- c('GSE124898')
